5825
62997
6499
40554
23897
28961
444
6751
34493
58414
49453
43442
55141
20306
64697
65521
8463
37130
2739
17921
30724
1670
54926
8083
21830
21394
4809
30488
10107
45010
16394
15932
9704
55660
23718
834
19087
24163
7585
20812
49809
24270
64255
6647
11809
30649
6633
20272
2245
42140
5425
32969
43810
60351
41052
32872
48977
13093
30592
59084
25336
14219
9481
35040
4344
432
35874
23431
57362
10691
44244
41636
34962
10196
15515
46771
40845
22148
1508
43090
64288
39700
43291
9796
1748
51575
9900
50725
64669
40493
44274
24470
54712
20987
26742
59056
21419
29849
49720
13246
40540
61196
22114
9967
5857
37629
56738
13934
27010
25478
24257
25763
32410
2013
2791
1390
20821
12692
52115
19955
20417
63621
11657
9594
51841
5631
35882
40492
2712
52834
20971
43253
48495
10317
20452
21584
47947
44423
35519
9422
37133
27008
2417
4009
61788
37976
5399
17074
50668
24747
4261
5550
55600
48685
47911
41906
54317
51025
49631
24261
38325
5067
1979
54052
15384
55199
10102
30563
34087
12853
7217
38452
39861
42402
42461
36114
14843
15093
20421
32743
39840
24682
5525
62672
7833
53436
39044
29382
6158
23140
53643
44483
60974
22855
33001
43590
45286
10335
8619
46605
23188
15836
19522
30281
25470
29216
33627
40313
44309
54048
7521
51381
45963
45813
48518
21028
946
54794
50410
7105
45166
5750
51588
40605
61372
51821
51428
41123
62156
60047
54960
52576
43115
8948
50089
3051
38164
18182
10596
49705
39462
50885
35551
19890
31163
51301
40918
32110
7793
58560
39215
52959
31543
58035
60797
60147
44322
46690
35736
8175
41202
57928
60752
51549
1341
45306
54600
6737
30720
65197
56442
37415
17779
59225
57305
48942
12224
65456
15517
20017
25713
21964
7441
24488
14465
35470
19101
26019
16625
22069
34194
25059
14462
62178
11074
48571
41950
32906
55308
39902
65335
13448
11782
17579
39905
36320
987
19361
3473
49271
39378
61953
5701
14052
20907
52933
49522
40008
13417
33380
62077
47611
58439
43771
44255
3978
26807
53437
36885
49348
27804
36685
62796
6819
21497
4398
10371
22484
23760
13844
6220
30370
10262
44688
44422
63936
32086
61177
38409
45503
29022
2183
60347
21926
13187
39067
58672
39994
59736
30022
23807
54772
33939
53835
61591
55436
58234
6427
45152
16459
53038
18605
46829
63301
63293
58484
28934
29845
21358
1809
42580
50380
36759
37392
39538
49946
43691
32675
57173
37892
29929
15445
27130
31101
3746
55953
21002
29212
29613
33387
12903
17116
51992
26964
47649
49750
19913
11049
46827
8503
45625
23873
58883
16849
61265
32887
34028
39422
32794
25666
44546
62724
8343
6141
28290
44856
29327
16524
8533
58940
49911
54203
43288
3600
15633
25403
53351
2778
3684
34643
11282
49309
25748
37397
33390
21479
37516
34650
28133
4776
60316
7144
34732
35892
46053
63022
15213
9845
46778
56514
36017
31155
45182
13770
34755
60815
39173
55338
30826
10089
57214
42108
26630
17427
46737
60021
6138
18719
29136
1503
23495
56685
8648
58227
27042
21933
22946
9487
31778
4189
466
2260
2576
45649
48797
37332
8161
55203
59902
38987
65292
51581
48327
26388
36241
29530
53641
42379
15481
50009
11115
38976
41159
19763
64435
35433
8928
21846
12153
40706
58802
12619
10198
61379
58268
58995
408
33662
48663
60310
7114
15653
13589
22674
42041
49830
19436
30147
59441
34917
14621
5021
41125
23013
57551
7257
25678
944
61870
37831
8882
55137
17683
19080
50981
43183
45308
18621
11310
61203
13397
51192
11321
26986
8331
53362
11281
60534
50741
37954
29916
32595
42976
38273
22840
34992
45530
48518
35937
41865
53582
44819
31467
5730
31132
49681
48913
10905
2767
27456
39340
16164
13113
50662
10382
54211
38489
54430
49210
56463
26850
13591
23523
37058
19096
46363
6515
64626
62113
9684
40956
17392
21736
6888
55889
52868
23801
6500
31005
26569
33956
4810
9965
47069
22704
53115
2977
61194
42010
52187
19354
36092
33010
42877
7615
52106
56472
46898
51197
20282
56582
26618
37675
12783
738
28029
32883
24540
34529
31120
18341
35717
3163
28306
50018
25867
15886
52995
21526
25129
6879
8112
61221
39889
50989
36069
26460
9158
17432
44889
29441
8479
38739
1581
54030
39478
62377
54145
31250
64139
19731
49591
1553
22894
45129
51572
48761
61016
6264
37520
20610
13144
45632
49063
53033
63854
19597
46726
7477
4261
58847
4150
12741
32052
38498
34003
38762
35341
22613
37244
1177
42344
21300
2730
32470
894
21534
15697
29142
27799
53217
16984
40943
546
33280
61208
64400
52877
9631
39110
24371
2944
43260
4344
2228
48991
38347
8222
18797
28192
45466
52741
5002
33998
22703
37472
2124
44238
20401
31267
6502
8083
15483
14677
8630
48763
10350
40262
3338
19982
13837
27709
55693
24330
32053
57921
7786
37632
608
59350
289
13306
13788
38058
47304
36491
42763
49428
15194
63164
47927
21696
38480
63411
36373
14342
46639
13956
54604
49977
1170
35674
44918
56863
60004
11436
16481
35022
16300
49856
61604
16590
63162
9857
54648
44931
46348
31876
61591
61543
29506
43984
50471
35218
41860
54077
49560
55731
35265
38629
7406
36435
41535
52324
60530
3236
30993
11476
38258
47293
28564
34327
31115
26191
44184
20229
38354
57765
19337
1642
53773
16075
45626
5941
51293
54718
60018
35318
12147
29748
41180
19553
33415
49947
39109
28410
53184
37334
7118
58674
19093
35682
60234
17440
61873
6115
4901
1924
63880
24239
3567
19350
40314
16425
25292
58840
38376
52542
28623
50523
49523
37035
4541
50170
21448
43650
13046
9097
15450
20164
35003
1775
55847
29702
51982
19417
35818
56884
54109
34163
15588
24908
53514
23134
41333
46038
16439
14174
33045
12295
64697
49800
16562
36470
34436
38010
47353
14714
14339
30035
34878
49343
31810
57957
13510
51024
11840
49328
42373
33181
17957
57961
58089
38703
48328
33887
19206
31999
15294
19483
44294
47223
36516
60857
18159
5417
564
65512
20131
14904
30012
22241
31479
29054
14664
44989
14543
59271
61550
24149
26917
46739
49342
52238
19907
32135
53357
39113
64135
3116
25828
10126
17572
62344
38215
2963
34993
38780
2940
55124
20916
184
11831
52395
62005
59262
64616
43780
52998
60631
2394
47147
41835
18969
33850
61742
51104
21672
2552
16936
